//all Path::

[[208.78,440.69],[208.78,407.56],[208.78,374.43],[208.78,341.3],[208.78,308.17],[175.65,275.04],[142.52,275.04],[109.39000000000001,275.04],[76.26000000000002,275.04],[43.13000000000002,275.04],[10.000000000000014,275.04],[10.000000000000014,241.91000000000003],[10.000000000000014,208.78000000000003],[43.13000000000002,208.78000000000003],[76.26000000000002,208.78000000000003],[109.39000000000001,208.78000000000003],[142.52,208.78000000000003],[175.65,208.78000000000003],[208.78,175.65000000000003],[208.78,142.52000000000004],[208.78,109.39000000000004],[208.78,76.26000000000005],[208.78,43.130000000000045],[208.78,10.000000000000043],[241.91,10.000000000000043],[275.04,10.000000000000043],[275.04,43.130000000000045],[275.04,76.26000000000005],[275.04,109.39000000000004],[275.04,142.52000000000004],[275.04,175.65000000000003],[308.17,208.78000000000003],[341.3,208.78000000000003],[374.43,208.78000000000003],[407.56,208.78000000000003],[440.69,208.78000000000003],[473.82,208.78000000000003],[473.82,241.91000000000003],[473.82,275.04],[440.69,275.04],[407.56,275.04],[374.43,275.04],[341.3,275.04],[308.17,275.04],[275.04,308.17],[275.04,341.3],[275.04,374.43],[275.04,407.56],[275.04,440.69],[275.04,473.82],[241.91000000000003,473.82],[208.78000000000003,473.82]];


green=[64,64],[127,64],[127,130],[61,130]
red=[361,64],[424,64],[421,130],[358,130]
blue=[358,427],[421,424],[424,361],[358,361]
yellow=[61,361],[127,361],[127,424],[61,424]

